tier,rank,lp,points,pointdifference,matchid
DIAMOND,IV,0,2000,0,0
DIAMOND,IV,17,2017,17,EUW1_5276483261
DIAMOND,IV,34,2034,17,EUW1_5277021446
DIAMOND,IV,50,2050,16,EUW1_5278992518
DIAMOND,IV,46,2046,-4,EUW1_5280634617
DIAMOND,IV,61,2061,15,EUW1_5281837840
DIAMOND,IV,59,2059,-2,EUW1_5281946344
DIAMOND,IV,44,2044,-15,EUW1_5283899374
DIAMOND,IV,75,2075,31,EUW1_5287307747
DIAMOND,IV,90,2090,15,EUW1_5288167158
DIAMOND,IV,72,2072,-18,EUW1_5290789959
DIAMOND,IV,88,2088,16,EUW1_5290924273
DIAMOND,IV,71,2071,-17,EUW1_5290928371
DIAMOND,IV,55,2055,-16,EUW1_5291321520
DIAMOND,IV,71,2071,16,EUW1_5291365145
DIAMOND,IV,86,2086,15,EUW1_5291451270
DIAMOND,IV,69,2069,-17,EUW1_5292721851
DIAMOND,IV,52,2052,-17,EUW1_5292705936
DIAMOND,IV,68,2068,16,EUW1_5292810592
DIAMOND,IV,84,2084,16,EUW1_5292854212
DIAMOND,IV,68,2068,-16,EUW1_5292940605
DIAMOND,IV,54,2054,-14,EUW1_5292924368
DIAMOND,IV,37,2037,-17,EUW1_5292887583
DIAMOND,IV,55,2055,18,EUW1_5293043461
DIAMOND,IV,55,2055,0,EUW1_5294820973
DIAMOND,IV,71,2071,16,EUW1_5294777652
DIAMOND,IV,54,2054,-17,EUW1_5294862980
DIAMOND,IV,70,2070,16,EUW1_5294970621
DIAMOND,IV,86,2086,16,EUW1_5296418426
DIAMOND,III,2,2102,16,EUW1_5296555296
DIAMOND,III,0,2100,-2,EUW1_5296682403
DIAMOND,III,15,2115,15,EUW1_5296697697
DIAMOND,III,45,2145,30,EUW1_5297919010
DIAMOND,III,28,2128,-17,EUW1_5298043489
DIAMOND,III,12,2112,-16,EUW1_5298058343
DIAMOND,III,0,2100,-12,EUW1_5298114268
DIAMOND,III,14,2114,14,EUW1_5298127546
DIAMOND,III,29,2129,15,EUW1_5298222507
DIAMOND,III,0,2100,-29,EUW1_5299064493
DIAMOND,IV,90,2090,-10,EUW1_5299739700
DIAMOND,III,15,2115,25,EUW1_5303102486
DIAMOND,III,0,2100,-15,EUW1_5303687979
DIAMOND,III,15,2115,15,EUW1_5304014754
DIAMOND,III,0,2100,-15,EUW1_5304075702
DIAMOND,IV,58,2058,-42,EUW1_5313402637
DIAMOND,IV,25,2025,-33,EUW1_5313408915
DIAMOND,IV,41,2041,16,EUW1_5313522674
DIAMOND,IV,57,2057,16,EUW1_5313475549
DIAMOND,IV,72,2072,15,EUW1_5313559605
DIAMOND,IV,57,2057,-15,EUW1_5313679594
DIAMOND,IV,73,2073,16,EUW1_5316861276
DIAMOND,IV,89,2089,16,EUW1_5316857116
DIAMOND,IV,72,2072,-17,EUW1_5328744303
PLATINUM,III,75,1775,-297,EUW1_5380996856
PLATINUM,III,61,1761,-14,EUW1_5381032497
PLATINUM,III,43,1743,-18,EUW1_5383753795
PLATINUM,III,18,1718,-25,EUW1_5383728574
PLATINUM,III,32,1732,14,EUW1_5383822027
PLATINUM,III,46,1746,14,EUW1_5383817005
PLATINUM,III,31,1731,-15,EUW1_5383883814
PLATINUM,III,46,1746,15,EUW1_5383938617
PLATINUM,III,46,1746,0,EUW1_5384722958
PLATINUM,III,61,1761,15,EUW1_5384740432
PLATINUM,III,44,1744,-17,EUW1_5386050936
PLATINUM,III,59,1759,15,EUW1_5386890015
PLATINUM,III,46,1746,-13,EUW1_5386995029
PLATINUM,III,61,1761,15,EUW1_5387028881
PLATINUM,III,76,1776,15,EUW1_5387105649
PLATINUM,III,61,1761,-15,EUW1_5387128743
PLATINUM,III,75,1775,14,EUW1_5387912331
PLATINUM,III,90,1790,15,EUW1_5387938682
PLATINUM,II,4,1804,14,EUW1_5388438491
PLATINUM,II,19,1819,15,EUW1_5388544770
PLATINUM,II,47,1847,28,EUW1_5389199388
PLATINUM,II,32,1832,-15,EUW1_5389376485
PLATINUM,II,46,1846,14,EUW1_5389471914
PLATINUM,II,40,1840,-6,EUW1_5390172057
PLATINUM,II,53,1853,13,EUW1_5390146721
PLATINUM,II,68,1868,15,EUW1_5390342653
PLATINUM,II,72,1872,4,EUW1_5391747985
PLATINUM,II,56,1856,-16,EUW1_5391762922
PLATINUM,II,71,1871,15,EUW1_5391776735
PLATINUM,II,97,1897,26,EUW1_5393279352
PLATINUM,II,80,1880,-17,EUW1_5394399899
PLATINUM,II,66,1866,-14,EUW1_5394444707
PLATINUM,II,52,1852,-14,EUW1_5394520621
PLATINUM,II,67,1867,15,EUW1_5394533134
PLATINUM,II,52,1852,-15,EUW1_5394597397
PLATINUM,II,67,1867,15,EUW1_5394700989
PLATINUM,II,52,1852,-15,EUW1_5394619249
PLATINUM,II,67,1867,15,EUW1_5394772164
PLATINUM,II,52,1852,-15,EUW1_5394729556
PLATINUM,II,67,1867,15,EUW1_5394865562
PLATINUM,II,41,1841,-26,EUW1_5395000641
PLATINUM,II,56,1856,15,EUW1_5395030746
PLATINUM,II,41,1841,-15,EUW1_5395044394
PLATINUM,II,31,1831,-10,EUW1_5395070031
PLATINUM,II,46,1846,15,EUW1_5395194977
PLATINUM,II,54,1854,8,EUW1_5397606605
PLATINUM,II,39,1839,-15,EUW1_5397703218
PLATINUM,II,24,1824,-15,EUW1_5397768155
PLATINUM,II,10,1810,-14,EUW1_5397804433
PLATINUM,II,26,1826,16,EUW1_5397839622
PLATINUM,II,10,1810,-16,EUW1_5397965425
PLATINUM,III,14,1714,-96,EUW1_5404435752
PLATINUM,III,29,1729,15,EUW1_5404398338
PLATINUM,III,5,1705,-24,EUW1_5404470500
PLATINUM,III,21,1721,16,EUW1_5404481168
PLATINUM,III,36,1736,15,EUW1_5404450239
PLATINUM,III,22,1722,-14,EUW1_5404492702
PLATINUM,III,7,1707,-15,EUW1_5405225069
PLATINUM,IV,92,1692,-15,EUW1_5405546744
PLATINUM,III,8,1708,16,EUW1_5405622467
PLATINUM,III,25,1725,17,EUW1_5405568081
PLATINUM,III,41,1741,16,EUW1_5405652734
PLATINUM,III,57,1757,16,EUW1_5405714400
PLATINUM,III,73,1773,16,EUW1_5406423215
PLATINUM,III,89,1789,16,EUW1_5406429279
PLATINUM,II,30,1830,41,EUW1_5408510023
PLATINUM,II,46,1846,16,EUW1_5408583866
PLATINUM,II,31,1831,-15,EUW1_5408653928
PLATINUM,II,46,1846,15,EUW1_5409497075
PLATINUM,II,61,1861,15,EUW1_5409650716
PLATINUM,II,76,1876,15,EUW1_5409674005
PLATINUM,I,3,1903,27,EUW1_5409810336
PLATINUM,I,18,1918,15,EUW1_5409886236
PLATINUM,I,33,1933,15,EUW1_5409992442
PLATINUM,II,73,1873,-60,EUW1_5411870611
PLATINUM,II,88,1888,15,EUW1_5411862151
PLATINUM,II,73,1873,-15,EUW1_5412265450
PLATINUM,II,88,1888,15,EUW1_5412289466
PLATINUM,II,73,1873,-15,EUW1_5412345114
PLATINUM,II,58,1858,-15,EUW1_5412420162
PLATINUM,II,72,1872,14,EUW1_5412476092
PLATINUM,II,57,1857,-15,EUW1_5412662959
PLATINUM,II,42,1842,-15,EUW1_5412647814
PLATINUM,II,27,1827,-15,EUW1_5412740320
